#!/usr/bin/env ruby
require_relative '../09/intcode'

require 'stringio'

p [5,6,7,8,9].permutation.map { |phase_settings|
  pipes = phase_settings.map { |phase_setting|
    IO.pipe.tap { |_read, write| write.puts phase_setting }
  }
  reads, writes = pipes.transpose
  input, * = writes
  input.puts 0
  writes.rotate!
  output, * = reads

  threads = reads.zip(writes).map do |read, write|
    Thread.new do
      Intcode.call(
        memory:    [3,8,1001,8,10,8,105,1,0,0,21,30,55,80,101,118,199,280,361,442,99999,3,9,101,4,9,9,4,9,99,3,9,101,4,9,9,1002,9,4,9,101,4,9,9,1002,9,5,9,1001,9,2,9,4,9,99,3,9,101,5,9,9,1002,9,2,9,101,3,9,9,102,4,9,9,1001,9,2,9,4,9,99,3,9,102,2,9,9,101,5,9,9,102,3,9,9,101,3,9,9,4,9,99,3,9,1001,9,2,9,102,4,9,9,1001,9,3,9,4,9,99,3,9,1001,9,1,9,4,9,3,9,102,2,9,9,4,9,3,9,1002,9,2,9,4,9,3,9,102,2,9,9,4,9,3,9,1002,9,2,9,4,9,3,9,1001,9,2,9,4,9,3,9,1002,9,2,9,4,9,3,9,101,2,9,9,4,9,3,9,101,2,9,9,4,9,3,9,101,2,9,9,4,9,99,3,9,101,2,9,9,4,9,3,9,102,2,9,9,4,9,3,9,1001,9,1,9,4,9,3,9,102,2,9,9,4,9,3,9,1001,9,2,9,4,9,3,9,1001,9,2,9,4,9,3,9,1002,9,2,9,4,9,3,9,102,2,9,9,4,9,3,9,1001,9,1,9,4,9,3,9,102,2,9,9,4,9,99,3,9,1001,9,1,9,4,9,3,9,101,1,9,9,4,9,3,9,1001,9,2,9,4,9,3,9,1001,9,2,9,4,9,3,9,102,2,9,9,4,9,3,9,102,2,9,9,4,9,3,9,1001,9,2,9,4,9,3,9,102,2,9,9,4,9,3,9,1002,9,2,9,4,9,3,9,102,2,9,9,4,9,99,3,9,1001,9,2,9,4,9,3,9,1001,9,2,9,4,9,3,9,102,2,9,9,4,9,3,9,101,1,9,9,4,9,3,9,101,2,9,9,4,9,3,9,102,2,9,9,4,9,3,9,102,2,9,9,4,9,3,9,102,2,9,9,4,9,3,9,101,1,9,9,4,9,3,9,101,2,9,9,4,9,99,3,9,1001,9,2,9,4,9,3,9,101,2,9,9,4,9,3,9,101,1,9,9,4,9,3,9,1001,9,2,9,4,9,3,9,1002,9,2,9,4,9,3,9,101,1,9,9,4,9,3,9,1001,9,2,9,4,9,3,9,1001,9,2,9,4,9,3,9,102,2,9,9,4,9,3,9,102,2,9,9,4,9,99],
        instream:  read,
        outstream: write,
      )
    end
  end

  threads.last.join
  output.gets.to_i
}.max
